23,52
23,51
23,50
23,49
23,48
23,47
23,46
23,45
23,44
23,43
23,42
23,41
23,40
23,39
23,38
23,37
23,36
23,35
47,4
47,3
47,2
47,1
47,0
46,3
46,2
46,1
46,0
45,3
45,2
45,1
45,0
27,5
44,5
44,4
44,3
44,2
44,1
44,0
43,4
43,3
43,2
43,1
43,0
42,4
42,3
42,2
42,1
42,0
41,5
41,4
41,3
41,2
41,1
41,0
40,4
40,3
40,2
40,1
40,0
39,3
39,2
39,1
39,0
38,5
38,4
38,3
38,2
38,1
38,0
37,4
37,3
37,2
37,1
37,0
31,4
0,469
0,468
0,467
0,466
0,465
0,464
0,463
0,462
0,461
0,460
0,459
0,458
0,457
0,456
0,455
36,5
36,4
36,3
36,2
0,454
36,1
36,0
0,453
0,452
0,451
0,450
0,449
0,448
0,447
0,446
0,445
0,444
0,443
0,442
0,441
0,440
0,439
0,438
0,437
35,4
35,3
35,2
0,436
35,1
35,0
0,435
0,434
0,433
30,4
0,432
0,431
0,430
0,429
0,428
0,427
0,426
0,425
0,424
0,423
0,422
0,421
0,420
0,419
0,418
0,417
0,416
0,415
34,5
34,4
34,3
34,2
0,414
34,1
34,0
0,413
0,412
0,411
0,410
0,409
0,408
0,407
0,406
0,405
0,404
0,403
0,402
0,401
0,400
0,399
0,398
0,397
33,4
33,3
33,2
0,396
33,1
33,0
0,395
0,394
28,4
0,278
0,393
0,392
